[50.0, 550.0, 135, '西土城校门']
[140.0, 925.0, 136, '西土城车库']
[150.0, 850.0, 137, '西土城车库门一']
[480.0, 840.0, 138, '西土城校医院']
[340.0, 840.0, 139, '西土城校医院门一']
[620.0, 840.0, 140, '西土城校医院门二']
[480.0, 950.0, 141, '西土城家属区']
[420.0, 900.0, 142, '西土城家属区门一']
[530.0, 1000.0, 143, '西土城家属区门二']
[275.0, 690.0, 144, '西土城学一公寓']
[230.0, 690.0, 145, '西土城学一公寓门一']
[320.0, 680.0, 146, '西土城学一公寓门二']
[830.0, 640.0, 147, '西土城学三公寓']
[840.0, 740.0, 148, '西土城学三公寓门一']
[900.0, 660.0, 149, '西土城学三公寓门二']
[760.0, 660.0, 150, '西土城学三公寓门三']
[470.0, 630.0, 151, '西土城学生活动中心']
[420.0, 680.0, 152, '西土城学生活动中心门一']
[540.0, 680.0, 153, '西土城学生活动中心门二']
[480.0, 580.0, 154, '西土城学生活动中心门三']
[275.0, 500.0, 155, '西土城学生食堂']
[230.0, 500.0, 156, '西土城学生食堂门一']
[320.0, 530.0, 157, '西土城学生食堂门二']
[280.0, 400.0, 158, '西土城学生食堂门三']
[550.0, 360.0, 159, '西土城行政办公楼']
[540.0, 440.0, 160, '西土城行政办公楼门一']
[540.0, 280.0, 161, '西土城行政办公楼门二']
[700.0, 360.0, 162, '西土城教一楼']
[740.0, 440.0, 163, '西土城教一楼门一']
[620.0, 360.0, 164, '西土城教一楼门二']
[780.0, 360.0, 165, '西土城教一楼门三']
[620.0, 440.0, 166, '西土城教一楼门四']
[870.0, 170.0, 167, '西土城教二楼']
[870.0, 280.0, 168, '西土城教二楼门一']
[900.0, 60.0, 169, '西土城教二楼门二']
[840.0, 220.0, 170, '西土城教二楼门三']
[750.0, 170.0, 171, '西土城教三楼']
[800.0, 60.0, 172, '西土城教三楼门一']
[700.0, 60.0, 173, '西土城教三楼门二']
[780.0, 280.0, 174, '西土城教三楼门三']
[681.0314576847311, 280.0574308230841, 175, '西土城教三楼门四']
[610.0680134920951, 151.91487193303317, 176, '西土城健身房']
[560.0, 180.0, 177, '西土城健身房门一']
[660.0, 180.0, 178, '西土城健身房门二']
[340.0, 200.0, 179, '西土城图书馆']
[400.0, 200.0, 180, '西土城图书馆门一']
[340.0, 120.0, 181, '西土城图书馆门二']
[280.0, 180.0, 182, '西土城图书馆门三']
[140.0, 300.0, 183, '西土城运动场']
[230.0, 280.0, 184, '西土城运动场门一']
[150.0, 400.0, 185, '西土城运动场门二']
[150.0, 200.0, 186, '西土城运动场门三']
[470.0, 730.0, 187, '西土城学二公寓']
[540.0, 780.0, 188, '西土城学二公寓门一']
[390.0, 780.0, 189, '西土城学二公寓门二']
[190.0, 450.0, 190, '西土城教工食堂']
[150.0, 460.0, 191, '西土城教工食堂门一']
[190.0, 400.0, 192, '西土城教工食堂门二']
[740.0, 280.0, 193, '西土城报亭']
[150.0, 690.0, 194, '西土城便利店']
[560.0, 540.0, 195, '西土城ATM机1']
[620.0, 900.0, 196, '西土城水房']
[320.0, 780.0, 197, '西土城ATM机2']
[760.0, 580.0, 198, '西土城邮局']
[700.0, 440.0, 199, '西土城营业厅']
[200.0, 60.0, 200, '西土城保安亭1']
[50.0, 400.0, 201, '西土城保安亭2']
[50.0, 1000.0, 202]
[230.0, 1000.0, 203]
[340.0, 1000.0, 204]
[620.0, 1000.0, 205]
[900.0, 900.0, 206]
[900.0, 740.0, 207]
[900.0, 540.0, 208]
[900.0, 440.0, 209]
[900.0, 200.0, 210]
[280.0, 60.0, 211]
[460.0, 60.0, 212]
[230.0, 850.0, 213]
[150.0, 500.0, 214]
[230.0, 780.0, 215]
[230.0, 600.0, 216]
[340.0, 900.0, 217]
[460.0, 780.0, 218]
[620.0, 780.0, 219]
[700.0, 760.0, 220]
[760.0, 760.0, 221]
[760.0, 740.0, 222]
[760.0, 540.0, 223]
[820.0, 440.0, 224]
[700.0, 540.0, 225]
[620.0, 540.0, 226]
[320.0, 600.0, 227]
[230.0, 400.0, 228]
[320.0, 400.0, 229]
[320.0, 500.0, 230]
[400.0, 500.5483351474751, 231]
[400.0, 580.0, 232]
[560.0, 580.0, 233]
[480.0, 440.0, 234]
[400.0, 380.0, 235]
[400.0, 280.0, 236]
[280.0, 280.0, 237]
[400.0, 120.0, 238]
[460.0, 120.0, 239]
[480.0, 280.0, 240]
[620.0, 280.0, 241]
[560.0, 280.0, 242]
[610.0, 94.0, 243]
[660.0, 280.0, 244]
[840.0, 360.0, 245]
[900.0, 820.0, 246]
[900.0, 280.0, 247]
[840.0, 60.0, 248]
[620.0, 680.0, 249]
[50.0, 850.0, 250]
[340.0, 780.0, 251]
[50.0, 200.0, 252]
[780.0, 440.0, 253]
