[60, 560, 135, '西土城校门']
[100, 700, 136, '车库']
[63.88703487503486, 703.4870764730676, 137]
[138.3254055399177, 996.966678160089, 138]
[227.15679973222245, 936.1873031864073, 139]
[541.9627931856533, 864.4988096277058, 140, '校医院']
[227.15679973222245, 895.6677198706195, 141]
[515.4692194791764, 898.7846108949109, 142]
[923.7819436613491, 811.5116622147524, 143]
[546.6381297220904, 841.1221269455204, 144]
[479.6249726998254, 956.4470948443012, 145, '家属区']
[420.40404323828886, 900.3430564070566, 146]
[528.4596420456674, 1001.7735474977522, 147]
[272.35171958444766, 674.368457145932, 148, '学一公寓']
[228.45888095762055, 691.4870460295457, 149]
[324.4037996901138, 677.3295036190088, 150]
[845.8596680540643, 624.4982007572701, 151, '学三公寓']
[867.8890745910003, 729.2014274234714, 152]
[927.0605752424726, 582.524459256159, 153]
[763.317380726024, 660.6298248890611, 154]
[459.3651810419313, 621.3813097329787, 155, '学生活动中心']
[417.03078792725, 677.7727255226637, 156]
[533.6025122357481, 676.0584354593034, 157]
[478.74523020821954, 568.0581614676072, 158]
[267.6763830480106, 496.70566876132375, 159, '学生食堂']
[226.74459089426028, 502.91513905991746, 160]
[326.1734145691558, 521.7723297568803, 161]
[266.17326235154644, 400.05773525830205, 162]
[523.2614470399049, 400.0820470082912, 163, '行政办公楼']
[511.31674141206463, 436.05782658886744, 164]
[526.745351982307, 364.05764392773665, 165]
[736.7684822038655, 362.6793547167947, 166, '教一楼']
[766.7459608527445, 439.486406715588, 167]
[927.8892268086097, 340.0575830406931, 168]
[790.6906969241064, 341.32865120039884, 169]
[622.7455955304821, 432.6292464621469, 170]
[881.7039148334153, 178.78278428360375, 171, '教二楼']
[877.8683357134398, 301.9141474295875, 172]
[927.8892268086097, 52.05685239616991, 173]
[842.4491195283091, 211.2409539956566, 174]
[727.4178091309913, 142.93853750425293, 175, '教三楼']
[801.0317621199499, 57.19972258625067, 176]
[614.1741452136807, 52.0568523961699, 177]
[789.031731676428, 278.34314075972384, 178]
[681.0314576847311, 280.0574308230841, 179]
[602.7421681593355, 156.96454711356412, 180, '健身房']
[559.3168631861521, 180.62860714818916, 181]
[653.6028166709668, 182.34289721154943, 182]
[340.9233221188584, 194.3672394050606, 183, '图书馆']
[400, 200, 184]
[351.8877655195598, 81.19978347329426, 185]
[278.64745306206623, 172.17072500616433, 186]
[141.4422965642091, 231.76993169655708, 187, '运动场']
[130.7443473460853, 50.34256233280965, 188]
[146.1729579163277, 401.7720253216623, 189]
[200, 200, 190]
[471.8327451390969, 728.914050071031, 191, '学二公寓']
[546.41956095894, 772.6865342012622, 192]
[393.8477453198765, 765.8293739478212, 193]
[181.02278306188123, 449.5337494594067, 194, '教工食堂']
[146.73698179467596, 456.06437827220765, 195]
[185.920754671482, 398.92137616019915, 196]
[731.228260540366, 276.47208592018086, 197, '报亭']
[146.1729579163277, 696.6299162196265, 198, '便利店']
[562.7832388364699, 538.6080182769797, 199, 'ATM机1']
[627.9524356041911, 900.2184868153055, 200, '水房']
[322.74483444243526, 768.6300988807573, 201, 'ATM机2']
[761.6030906626637, 585.2010621012098, 202, '邮局']
[703.3172285084146, 439.486406715588, 203, '营业厅']
[201.03023994385626, 48.62827226944939, 204, '保安亭1']
[63.63974949361657, 399.29995594779064, 205], '保安亭2']
[66.96583723800734, 999.3552424498107, 206]
[227.9524356041913, 1000.2184868153055, 207]
[327.95243560419124, 1000.2184868153055, 208]
[627.9524356041911, 1000.2184868153055, 209]
[927.9524356041911, 900.2184868153055, 210]
[926.0439147956588, 741.1234889591094, 211]
[927.0605752424726, 519.4915115537043, 212]
[926.0439147956588, 442.2253175958567, 213]
[927.8892268086097, 202.91437797187254, 214]
[69.02990506511566, 53.77114245953016, 215]
[279.8875828584286, 48.62827226944939, 216]
[470.17377989141823, 50.34256233280965, 217]
[228.45888095762055, 852.6303119854099, 218]
[146.1729579163277, 854.3446020487702, 219]
[146.1729579163277, 504.6294291232777, 220]
[228.45888095762055, 772.0586790074778, 221]
[226.74459089426028, 593.772512418011, 222]
[331.3162847592366, 898.9161436961368, 223]
[461.6023295746169, 768.6300988807573, 224]
[459.88803951125664, 844.0588616686086, 225]
[626.1741756572026, 842.3445716052483, 226]
[627.8884657205629, 764.0317080219945, 227]
[705.0315185717749, 762.3174179586343, 228]
[765.0316707893843, 763.4872286906765, 229]
[765.0316707893843, 729.2014274234714, 230]
[701.6029384450543, 585.2010621012098, 231]
[802.7460521833101, 516.6294595667995, 232]
[802.7460521833101, 441.2006967789482, 233]
[701.6029384450543, 542.3438105172033, 234]
[624.4598855938423, 542.3438105172033, 235]
[662.1742669877682, 713.7728168532291, 236]
[624.4598855938423, 713.7728168532291, 237]
[324.4591245057955, 586.9153521645701, 238]
[226.74459089426028, 400.6939875547137, 239]
[326.1734145691558, 400.05773525830205, 240]
[324.4591245057955, 494.89202389059125, 241]
[400, 500.5483351474751, 242]
[398.17359723028704, 568.0581614676072, 243]
[545.60254267927, 568.0581614676072, 244]
[471.8880699547785, 434.3435365255072, 245]
[403.3164674203678, 379.48625449797896, 246]
[403.3164674203678, 326.343262533811, 247]
[398.17359723028704, 280.0574308230841, 248]
[281.6018729217888, 283.4860109498046, 249]
[219.88743064081922, 283.4860109498046, 250]
[223.31601076753975, 328.6938048935829, 251]
[399.8878872936473, 117.19987480385966, 252]
[473.60236001813877, 117.19987480385966, 253]
[482.1738103349401, 281.7717208864443, 254]
[478.74523020821954, 160.05712638786608, 255]
[602.1741147701588, 365.7719339910969, 256]
[530.1739321090275, 281.7717208864443, 257]
[602.1741147701588, 283.4860109498046, 258]
[559.3168631861521, 281.7717208864443, 259]
[602.1741147701588, 124.0570350573007, 260]
[653.6028166709668, 281.7717208864443, 261]
[840.460433577236, 343.48616316741357, 262]
[663.7935830423036, 543.1389050254973, 263]
[925.9413615168439, 268.93835512684086, 264]
[847.5983472600851, 59.82277091841501, 265]
[619.085068442076, 676.329885205392, 266]
