[50, 550, 135, '西土城校门']
[140, 925, 136, '车库']
[150, 850, 137]
[480, 840, 138, '校医院']
[340, 840, 139]
[620, 840, 140]
[480, 950, 141, '家属区']
[420, 900, 142]
[530, 1000, 143]
[275, 690, 144, '学一公寓']
[230, 690, 145]
[320, 680, 146]
[830, 640, 147, '学三公寓']
[840, 740, 148]
[900, 660, 149]
[760, 660, 150]
[470, 630, 151, '学生活动中心']
[420, 680, 152]
[540, 680, 153]
[480, 580, 154]
[275, 500, 155, '学生食堂']
[230, 500, 156]
[320, 530, 157]
[280, 400, 158]
[550, 360, 159, '行政办公楼']
[540, 440, 160]
[540, 280, 161]
[700, 360, 162, '教一楼']
[740, 440, 163]
[620, 360, 164]
[780, 360, 165]
[620, 440, 166]
[870, 170, 167, '教二楼']
[870, 280, 168]
[900, 60, 169]
[840, 220, 170]
[750, 170, 171, '教三楼']
[800, 60, 172]
[700, 60, 173]
[780, 280, 174]
[681.0314576847311, 280.0574308230841, 175]
[610.0680134920951, 151.91487193303317, 176, '健身房']
[560, 180, 177]
[660, 180, 178]
[340, 200, 179, '图书馆']
[400, 200, 180]
[340, 120, 181]
[280, 180, 182]
[140, 300, 183, '运动场']
[230, 280, 184]
[150, 400, 185]
[150, 200, 186]
[470, 730, 187, '学二公寓']
[540, 780, 188]
[390, 780, 189]
[190, 450, 190, '教工食堂']
[150, 460, 191]
[190, 400, 192]
[740, 280, 193, '报亭']
[150, 690, 194, '便利店']
[560, 540, 195, 'ATM机1']
[620, 900, 196, '水房']
[320, 780, 197, 'ATM机2']
[760, 580, 198, '邮局']
[700, 440, 199, '营业厅']
[200, 60, 200, '保安亭1']
[50, 400, 201, '保安亭2']
[50, 1000, 202]
[230, 1000, 203]
[340, 1000, 204]
[620, 1000, 205]
[900, 900, 206]
[900, 740, 207]
[900, 540, 208]
[900, 440, 209]
[900, 200, 210]
[280, 60, 211]
[460, 60, 212]
[230, 850, 213]
[150, 500, 214]
[230, 780, 215]
[230, 600, 216]
[340, 900, 217]
[460, 780, 218]
[620, 780, 219]
[700, 760, 220]
[760, 760, 221]
[760, 740, 222]
[760, 540, 223]
[820, 440, 224]
[700, 540, 225]
[620, 540, 226]
[320, 600, 227]
[230, 400, 228]
[320, 400, 229]
[320, 500, 230]
[400, 500.5483351474751, 231]
[400, 580, 232]
[560, 580, 233]
[480, 440, 234]
[400, 380, 235]
[400, 280, 236]
[280, 280, 237]
[400, 120, 238]
[460, 120, 239]
[480, 280, 240]
[620, 280, 241]
[560, 280, 242]
[610, 94, 243]
[660, 280, 244]
[840, 360, 245]
[900, 820, 246]
[900, 280, 247]
[840, 60, 248]
[620, 680, 249]
[50, 850, 250]
[340, 780, 251]
[50, 200, 252]
[780, 440, 253]
