[0.0, 130.0, 3, '沙河沙河沙河校门']
[20.0, 150.0, 4, '沙河沙河快递站']
[20.0, 130.0, 5, '沙河沙河快递站门一']
[80.0, 175.0, 6, '沙河沙河排球场']
[80.0, 130.0, 7, '沙河沙河排球场门一']
[120.0, 180.0, 8, '沙河沙河排球场门二']
[160.0, 175.0, 9, '沙河沙河篮球场']
[160.0, 130.0, 10, '沙河沙河篮球场门一']
[120.0, 260.0, 11, '沙河沙河运动场']
[100.0, 220.0, 12, '沙河沙河运动场门一']
[150.0, 220.0, 13, '沙河沙河运动场门二']
[200.0, 280.0, 14, '沙河沙河运动场门三']
[199.93719678804777, 245.4012029675329, 15, '沙河沙河运动场门四']
[250.0, 285.0, 16, '沙河沙河燕北园三号楼']
[250.0, 270.0, 17, '沙河沙河燕北园三号楼门一']
[300.0, 280.0, 18, '沙河沙河燕北园三号楼门二']
[250.0, 235.0, 19, '沙河沙河燕北园二号楼']
[199.94414649820726, 238.509787007648, 20, '沙河沙河燕北园二号楼门一']
[300.0, 230.0, 21, '沙河沙河燕北园二号楼门二']
[245.0, 175.0, 22, '沙河沙河燕北园一号楼']
[200.0, 170.0, 23, '沙河沙河燕北园一号楼门一']
[280.0, 130.0, 24, '沙河沙河燕北园一号楼门二']
[225.0, 140.0, 25, '沙河沙河超市商贸区']
[200.0, 140.0, 26, '沙河沙河超市商贸区门一']
[230.0, 130.0, 27, '沙河沙河超市商贸区门二']
[230.0, 150.0, 28, '沙河沙河超市商贸区门三']
[250.0, 65.0, 29, '沙河沙河燕南园']
[265.9335562320656, 130.02055761266135, 30, '沙河沙河燕南园门一']
[300.0, 90.0, 31, '沙河沙河燕南园门二']
[300.0, 60.0, 32, '沙河沙河燕南园门三']
[300.0, 30.0, 33, '沙河沙河燕南园门四']
[350.0, 160.0, 34, '沙河沙河学生食堂']
[300.0, 160.0, 35, '沙河沙河学生食堂门一']
[330.0, 130.0, 36, '沙河沙河学生食堂门二']
[400.0, 180.0, 37, '沙河沙河学生食堂门三']
[350.0, 225.0, 38, '沙河沙河教工食堂']
[330.0, 190.0, 39, '沙河沙河教工食堂门一']
[400.0, 230.0, 40, '沙河沙河教工食堂门二']
[390.0, 280.0, 41, '沙河沙河校医院']
[360.0, 260.0, 42, '沙河沙河校医院门一']
[440.0, 225.0, 43, '沙河沙河行政办公楼']
[430.0, 190.0, 44, '沙河沙河行政办公楼门一']
[410.0, 170.0, 45, '沙河沙河便利店']
[400.0, 165.0, 46, '沙河沙河便利店门一']
[410.0, 140.0, 47, '沙河沙河营业厅']
[400.0, 140.0, 48, '沙河沙河营业厅门一']
[432.5, 140.0, 49, '沙河沙河邮局']
[435.0, 130.0, 50, '沙河沙河邮局门一']
[450.0, 170.0, 51, '沙河沙河学生活动中心']
[455.0, 130.0, 52, '沙河沙河学生活动中心门一']
[480.0, 160.0, 53, '沙河沙河学生活动中心门二']
[460.0, 190.0, 54, '沙河沙河学生活动中心门三']
[445.0, 145.0, 55, '沙河沙河ATM机']
[530.0, 270.0, 56, '沙河沙河东配楼']
[550.0, 260.0, 57, '沙河沙河东配楼门一']
[540.0, 190.0, 58, '沙河沙河图书馆']
[480.0, 205.0, 59, '沙河沙河图书馆门一']
[480.0, 155.0, 60, '沙河沙河图书馆门二']
[530.0, 130.0, 61, '沙河沙河图书馆门三']
[540.0, 100.0, 62, '沙河沙河教学综合楼N']
[540.0, 130.0, 63, '沙河沙河教学综合楼N门一']
[480.0, 110.0, 64, '沙河沙河教学综合楼N门二']
[519.9398331698754, 67.90613672700871, 65, '沙河沙河教学综合楼N门三']
[600.0, 100.0, 66, '沙河沙河教学综合楼N门四']
[540.0, 30.0, 67, '沙河沙河教学综合楼S']
[519.9398331698754, 61.9294121320841, 68, '沙河沙河教学综合楼S门一']
[480.0, 40.0, 69, '沙河沙河教学综合楼S门二']
[600.0, 40.0, 70, '沙河沙河教学综合楼S门三']
[650.0, 80.0, 71, '沙河沙河实验楼']
[650.0, 130.0, 72, '沙河沙河实验楼门一']
[600.0, 90.0, 73, '沙河沙河实验楼门二']
[600.0, 54.0, 74, '沙河沙河实验楼门三']
[295.0, 195.0, 75, '沙河沙河洗衣房']
[300.0, 194.0, 76, '沙河沙河洗衣房门一']
[0.0, 129.0, 77, '沙河沙河门卫']
[0.0, 0.0, 78]
[0.0, 170.0, 79]
[40.0, 130.0, 80]
[40.0, 170.0, 81]
[40.0, 220.0, 82]
[120.0, 220.0, 83]
[120.0, 130.0, 84]
[200.0, 220.0, 85]
[200.0, 130.0, 86]
[40.0, 300.0, 87]
[200.0, 300.0, 88]
[200.0, 0.0, 89]
[300.0, 0.0, 90]
[300.0, 130.0, 91]
[200.0, 200.0, 92]
[300.0, 200.0, 93]
[300.0, 270.0, 94]
[300.0, 300.0, 95]
[250.0, 130.0, 96]
[250.0, 150.0, 97]
[200.0, 150.0, 98]
[400.0, 260.0, 99]
[400.0, 300.0, 100]
[400.0, 190.0, 101]
[400.0, 130.0, 102]
[300.0, 190.0, 103]
[300.0, 260.0, 104]
[480.0, 300.0, 105]
[480.0, 260.0, 106]
[480.0, 190.0, 107]
[420.0, 150.0, 108]
[400.0, 150.0, 109]
[420.0, 130.0, 110]
[420.0, 190.0, 111]
[445.0, 150.0, 112]
[445.0, 130.0, 113]
[480.0, 130.0, 114]
[600.0, 130.0, 115]
[600.0, 260.0, 116]
[580.0, 280.0, 117]
[580.0, 260.0, 118]
[480.0, 280.0, 119]
[480.0, 0.0, 120]
[600.0, 0.0, 121]
[545.0, 62.0, 122]
[545.0, 68.0, 123]
[480.0, 70.0, 124]
[480.0, 60.0, 125]
[700.0, 130.0, 126]
[700.0, 30.0, 127]
[600.0, 30.0, 128]
[290.0, 190.0, 129]
[290.0, 200.0, 130]
[545.0, 65.0, 131]
[600.0, 65.0, 132]
[200.0, 270.0, 133]
[200.0, 80.0, 134]
