[0, 130, 0, 170, 40.0, 3, 79, 0]
[40, 130, 40, 170, 40.0, 80, 81, 0]
[40, 170, 0, 170, 40.0, 81, 79, 0]
[40, 220, 40, 170, 50.0, 82, 81, 0]
[40, 300, 40, 220, 80.0, 87, 82, 0]
[40, 300, 200, 300, 160.0, 87, 88, 0]
[0, 0, 200, 0, 200.0, 78, 89, 0]
[200, 0, 300, 0, 100.0, 89, 90, 0]
[200, 220, 200, 200, 20.0, 85, 92, 1]
[200, 300, 300, 300, 100.0, 88, 95, 0]
[250, 130, 250, 150, 20.0, 96, 97, 0]
[400, 300, 300, 300, 100.0, 100, 95, 0]
[300, 260, 300, 270, 10.0, 104, 94, 0]
[400, 300, 480, 300, 80.0, 100, 105, 0]
[420, 150, 400, 150, 20.0, 108, 109, 0]
[400, 130, 420, 130, 20.0, 102, 110, 1]
[420, 130, 420, 150, 20.0, 110, 108, 0]
[400, 190, 420, 190, 20.0, 101, 111, 0]
[420, 190, 420, 150, 40.0, 111, 108, 0]
[420, 150, 445, 150, 25.0, 108, 112, 0]
[600, 260, 600, 130, 130.0, 116, 115, 0]
[580, 280, 580, 260, 20.0, 117, 118, 0]
[580, 260, 600, 260, 20.0, 118, 116, 0]
[480, 300, 480, 280, 20.0, 105, 119, 0]
[480, 280, 580, 280, 100.0, 119, 117, 0]
[480, 280, 480, 260, 20.0, 119, 106, 1]
[480, 0, 600, 0, 120.0, 120, 121, 0]
[480, 70, 480, 60, 10.0, 124, 125, 1]
[700, 130, 700, 30, 100.0, 126, 127, 0]
[600, 0, 600, 30, 30.0, 121, 128, 0]
[600, 30, 700, 30, 100.0, 128, 127, 0]
[300, 190, 290, 190, 10.0, 103, 129, 0]
[290, 190, 290, 200, 10.0, 129, 130, 0]
[290, 200, 300, 200, 10.0, 130, 93, 0]
[200, 200, 290, 200, 90.0, 92, 130, 0]
[545, 62, 545, 65, 3.0, 122, 131, 0]
[545, 68, 545, 65, 3.0, 123, 131, 0]
[545, 65, 600, 65, 55.0, 131, 132, 0]
[300, 0, 480, 0, 180.0, 90, 120, 0]
[0, 130, 0, 129, 1.0, 3, 77, 0]
[0, 0, 0, 129, 129.0, 78, 77, 0]
[0, 130, 20, 130, 20.0, 3, 5, 1]
[20, 130, 40, 130, 20.0, 5, 80, 1]
[40, 130, 80, 130, 40.0, 80, 7, 1]
[80, 130, 120, 130, 40.0, 7, 84, 1]
[120, 220, 120, 180, 40.0, 83, 8, 0]
[120, 180, 120, 130, 50.0, 8, 84, 0]
[120, 130, 160, 130, 40.0, 84, 10, 1]
[160, 130, 200, 130, 40.0, 10, 86, 1]
[40, 220, 100, 220, 60.0, 82, 12, 0]
[100, 220, 120, 220, 20.0, 12, 83, 0]
[120, 220, 150, 220, 30.0, 83, 13, 0]
[150, 220, 200, 220, 50.0, 13, 85, 0]
[200, 300, 200, 280, 20.0, 88, 14, 0]
[200, 280, 200, 270, 10.0, 14, 133, 1]
[200, 270, 250, 270, 50.0, 133, 17, 0]
[200, 270, 199.93719678804777, 245.4012029675329, 24.598877203806353, 133, 15, 1]
[200, 220, 199.94414649820726, 238.509787007648, 18.509871276758158, 85, 20, 1]
[199.94414649820726, 238.509787007648, 199.93719678804777, 245.4012029675329, 6.891419464132752, 20, 15, 1]
[200, 150, 200, 140, 10.0, 98, 26, 1]
[200, 140, 200, 130, 10.0, 26, 86, 1]
[200, 130, 230, 130, 30.0, 86, 27, 1]
[230, 130, 250, 130, 20.0, 27, 96, 1]
[200, 150, 230, 150, 30.0, 98, 28, 0]
[230, 150, 250, 150, 20.0, 28, 97, 0]
[250, 130, 265.9335562320656, 130.02055761266135, 15.933569493865296, 96, 30, 1]
[265.9335562320656, 130.02055761266135, 280, 130, 14.066458790040189, 30, 24, 1]
[280, 130, 300, 130, 20.0, 24, 91, 1]
[300, 300, 300, 280, 20.0, 95, 18, 0]
[300, 280, 300, 270, 10.0, 18, 94, 0]
[250, 270, 300, 270, 50.0, 17, 94, 0]
[300, 260, 300, 230, 30.0, 104, 21, 1]
[300, 230, 300, 200, 30.0, 21, 93, 1]
[200, 200, 200, 170, 30.0, 92, 23, 1]
[200, 170, 200, 150, 20.0, 23, 98, 1]
[300, 200, 300, 194, 6.0, 93, 76, 1]
[300, 194, 300, 190, 4.0, 76, 103, 1]
[300, 260, 360, 260, 60.0, 104, 42, 1]
[360, 260, 400, 260, 40.0, 42, 99, 1]
[400, 260, 480, 260, 80.0, 99, 106, 1]
[400, 260, 400, 230, 30.0, 99, 40, 0]
[400, 230, 400, 190, 40.0, 40, 101, 0]
[300, 190, 330, 190, 30.0, 103, 39, 0]
[330, 190, 400, 190, 70.0, 39, 101, 0]
[420, 190, 430, 190, 10.0, 111, 44, 0]
[430, 190, 460, 190, 30.0, 44, 54, 0]
[460, 190, 480, 190, 20.0, 54, 107, 0]
[480, 190, 480, 205, 15.0, 107, 59, 1]
[480, 205, 480, 260, 55.0, 59, 106, 1]
[480, 260, 550, 260, 70.0, 106, 57, 0]
[550, 260, 580, 260, 30.0, 57, 118, 0]
[600, 130, 650, 130, 50.0, 115, 72, 0]
[650, 130, 700, 130, 50.0, 72, 126, 0]
[600, 130, 600, 100, 30.0, 115, 66, 1]
[600, 100, 600, 90, 10.0, 66, 73, 1]
[600, 90, 600, 65, 25.0, 73, 132, 1]
[600, 65, 600, 54, 11.0, 132, 74, 1]
[600, 54, 600, 40, 14.0, 74, 70, 1]
[600, 40, 600, 30, 10.0, 70, 128, 1]
[480, 70, 519.9398331698754, 67.90613672700871, 39.99468135944409, 124, 65, 0]
[519.9398331698754, 67.90613672700871, 545, 68, 25.0603426127356, 65, 123, 0]
[480, 60, 519.9398331698754, 61.9294121320841, 39.98640900122085, 125, 68, 0]
[519.9398331698754, 61.9294121320841, 545, 62, 25.060266243613057, 68, 122, 0]
[480, 130, 480, 110, 20.0, 114, 64, 1]
[480, 110, 480, 70, 40.0, 64, 124, 1]
[480, 60, 480, 40, 20.0, 125, 69, 1]
[480, 40, 480, 0, 40.0, 69, 120, 0]
[480, 130, 530, 130, 50.0, 114, 61, 1]
[530, 130, 540, 130, 10.0, 61, 63, 1]
[540, 130, 600, 130, 60.0, 63, 115, 1]
[300, 130, 300, 90, 40.0, 91, 31, 1]
[300, 90, 300, 60, 30.0, 31, 32, 1]
[300, 60, 300, 30, 30.0, 32, 33, 1]
[300, 0, 300, 30, 30.0, 90, 33, 1]
[300, 130, 330, 130, 30.0, 91, 36, 1]
[330, 130, 400, 130, 70.0, 36, 102, 1]
[400, 150, 400, 140, 10.0, 109, 48, 0]
[400, 140, 400, 130, 10.0, 48, 102, 0]
[420, 130, 435, 130, 15.0, 110, 50, 1]
[435, 130, 445, 130, 10.0, 50, 113, 1]
[445, 130, 445, 145, 15.0, 113, 55, 0]
[445, 145, 445, 150, 5.0, 55, 112, 0]
[445, 130, 455, 130, 10.0, 113, 52, 1]
[455, 130, 480, 130, 25.0, 52, 114, 1]
[400, 190, 400, 180, 10.0, 101, 37, 0]
[400, 180, 400, 165, 15.0, 37, 46, 0]
[400, 165, 400, 150, 15.0, 46, 109, 0]
[480, 190, 480, 160, 30.0, 107, 53, 1]
[480, 160, 480, 155, 5.0, 53, 60, 1]
[480, 155, 480, 130, 25.0, 60, 114, 1]
[300, 190, 300, 160, 30.0, 103, 35, 1]
[300, 160, 300, 130, 30.0, 35, 91, 1]
[200, 130, 200, 80, 50.0, 86, 134, 1]
[200, 80, 200, 0, 80.0, 134, 89, 0]
