[0, 130, 3]
[16.983499423624, 149.4333913973771, 4, '快递站']
[20, 130, 5]
[80, 180, 6, '排球场']
[80, 130, 7]
[120, 180, 8]
[160, 180, 9, '篮球场']
[160, 130, 10]
[116.12563183308009, 261.9472504575809, 11, '运动场']
[100, 220, 12]
[150, 220, 13]
[200, 280, 14]
[199.93719678804777, 245.4012029675329, 15]
[250.01576867497764, 287.61154532157036, 16, '燕北园三号楼']
[250, 270, 17, '燕北园二号楼']
[300, 280, 18]
[247.4392677105852, 238.2564678733061, 19]
[199.94414649820726, 238.509787007648, 20]
[300, 230, 21]
[246.62059647156656, 169.50924158755797, 22, '燕北园一号楼']
[200, 170, 23]
[280, 130, 24]
[224.65193486957386, 139.02211936438908, 25, '超市商贸区']
[200, 140, 26]
[230, 130, 27]
[230, 150, 28]
[245.98005732818277, 66.14052351251773, 29, '燕南园']
[265.9335562320656, 130.02055761266135, 30]
[300, 90, 31]
[300, 60, 32]
[300, 30, 33]
[348.5701742904266, 161.24590973063997, 34, '学生食堂']
[300, 160, 35]
[330, 130, 36]
[400, 180, 37]
[346.05357764046016, 227.30657179224923, 38, '教工食堂']
[330, 190, 39]
[400, 230, 40]
[392.29604108359376, 281.4133997665197, 41, '校医院']
[360, 260, 42]
[438.11561578515546, 224.5140536016706, 43, '行政办公楼']
[430, 190, 44]
[407.5790243455615, 170.50636145293262, 45, '便利店']
[400, 165, 46]
[409.2334361177032, 139.30888232112187, 47, '营业厅']
[400, 140, 48]
[432.8678900054423, 140.96329409326336, 49, '邮局']
[435, 130, 50]
[448.93931864910485, 164.59774798099878, 51, 学生活动中心]
[455, 130, 52]
[480, 160, 53]
[460, 190, 54]
[445, 145, 55, 'ATM机']
[530.8062844591333, 270.79507849301035, 56, '东配楼']
[550, 260, 57]
[540, 200, 58, '图书馆']
[480, 205, 59]
[480, 155, 60]
[530, 130, 61]
[540, 100, 62, '教学综合楼N']
[540, 130, 63]
[480, 110, 64]
[519.9398331698754, 67.90613672700871, 65]
[600, 100, 66]
[540.5150352557118, 28.717260537382142, 67, '教学综合楼S']
[519.9398331698754, 61.9294121320841, 68]
[480, 40, 69]
[600, 40, 70]
[651.0311231748061, 80.54087566285818, 71, '实验楼']
[650, 130, 72]
[600, 90, 73]
[600, 54, 74]
[295.25866073425016, 194.72330974020008, 75, '洗衣房']
[300, 194, 76]
[0, 129, 77, '门卫']
[0, 0, 78]
[0, 170, 79]
[40, 130, 80]
[40, 170, 81]
[40, 220, 82]
[120, 220, 83]
[120, 130, 84]
[200, 220, 85]
[200, 130, 86]
[40, 300, 87]
[200, 300, 88]
[200, 0, 89]
[300, 0, 90]
[300, 130, 91]
[200, 200, 92]
[300, 200, 93]
[300, 270, 94]
[300, 300, 95]
[250, 130, 96]
[250, 150, 97]
[200, 150, 98]
[400, 260, 99]
[400, 300, 100]
[400, 190, 101]
[400, 130, 102]
[300, 190, 103]
[300, 260, 104]
[480, 300, 105]
[480, 260, 106]
[480, 190, 107]
[420, 150, 108]
[400, 150, 109]
[420, 130, 110]
[420, 190, 111]
[445, 150, 112]
[445, 130, 113]
[480, 130, 114]
[600, 130, 115]
[600, 260, 116]
[580, 280, 117]
[580, 260, 118]
[480, 280, 119]
[480, 0, 120]
[600, 0, 121]
[545, 62, 122]
[545, 68, 123]
[480, 70, 124]
[480, 60, 125]
[700, 130, 126]
[700, 30, 127]
[600, 30, 128]
[290, 190, 129]
[290, 200, 130]
[545, 65, 131]
[600, 65, 132]
[200, 270, 133]
[200, 80, 134]
