[58, 1, 2, 10.0]
[58, 2, 3, 6.0]
[58, 4, 2, 5.656854249492381]
[58, 2, 5, 0]
[58, 5, 6, 0]
[58, 6, 7, 0]
[58, 7, 8, 0]
[58, 5, 9, 2.0]
[58, 8, 10, 2.0]
[58, 11, 13, 2.0]
[58, 11, 14, 2.0]
[58, 14, 15, 2.0]
[58, 14, 16, 2.0]
[58, 16, 17, 2.0]
[58, 16, 18, 2.0]
[58, 17, 19, 2.0]
[58, 12, 20, 2.0]
[58, 12, 21, 2.0]
[58, 21, 22, 2.0]
[58, 22, 23, 2.0]
[58, 23, 24, 2.0]
[58, 24, 25, 2.0]
[58, 23, 26, 2.0]
[58, 22, 27, 2.0]
[58, 21, 28, 2.0]
[58, 17, 29, 2.0]
[58, 29, 30, 2.0]
[58, 7, 31, 2.0]
[58, 31, 11, 4.0]
[58, 6, 32, 2.0]
[58, 32, 12, 4.0]
