[29, 1, 2, 50.0]
[29, 2, 3, 50.0]
[29, 5, 6, 50.0]
[29, 5, 7, 50.0]
[29, 5, 8, 50.0]
[29, 8, 9, 50.0]
[29, 8, 10, 50.0]
[29, 8, 11, 50.0]
[29, 11, 12, 50.0]
[29, 11, 13, 50.0]
[29, 11, 14, 50.0]
[29, 14, 15, 50.0]
[29, 14, 16, 50.0]
[29, 14, 17, 50.0]
[29, 17, 18, 50.0]
[29, 17, 19, 50.0]
[29, 4, 20, 100.0]
[29, 20, 21, 50.0]
[29, 17, 22, 50.0]
[29, 22, 23, 50.0]
[29, 22, 24, 50.0]
[29, 4, 5, 100.0]
[29, 3, 25, 50.0]
[29, 25, 4, 50.0]
[29, 26, 27, 50.0]
[29, 27, 28, 50.0]
[29, 28, 29, 50.0]
[29, 29, 30, 50.0]
[29, 30, 31, 50.0]
[29, 26, 32, 50.0]
[29, 32, 33, 50.0]
[29, 33, 34, 50.0]
[29, 25, 26, 0]
[29, 28, 35, 50.0]
[29, 28, 36, 50.0]
[29, 29, 37, 50.0]
[29, 29, 38, 50.0]
[29, 39, 30, 50.0]
[29, 30, 40, 50.0]
[29, 41, 31, 50.0]
[29, 31, 42, 50.0]
[29, 32, 43, 50.0]
[29, 32, 44, 50.0]
[29, 33, 45, 50.0]
[29, 33, 46, 50.0]
[29, 34, 47, 50.0]
[29, 34, 48, 50.0]
[29, 27, 49, 100.0]
[29, 49, 50, 50.0]
[29, 49, 51, 50.0]
[29, 49, 52, 50.0]
[29, 52, 53, 50.0]
[29, 52, 54, 50.0]
[29, 52, 55, 50.0]
[29, 55, 56, 50.0]
[29, 55, 57, 50.0]
[29, 55, 58, 50.0]
[29, 58, 59, 50.0]
[29, 58, 60, 50.0]
[29, 58, 61, 50.0]
[29, 61, 62, 50.0]
[29, 61, 63, 50.0]
[29, 61, 64, 50.0]
[29, 64, 65, 50.0]
[29, 64, 66, 50.0]
[29, 21, 67, 50.0]
[29, 31, 68, 0]
[29, 68, 69, 50.0]
[29, 69, 70, 50.0]
[29, 69, 71, 50.0]
[29, 69, 72, 50.0]
[29, 72, 73, 50.0]
[29, 72, 74, 50.0]
[29, 72, 75, 50.0]
[29, 75, 76, 100.0]
[29, 75, 77, 50.0]
[29, 77, 78, 50.0]
[29, 77, 79, 50.0]
[29, 77, 80, 50.0]
[29, 80, 81, 50.0]
[29, 81, 82, 50.0]
[29, 81, 83, 50.0]
[29, 80, 84, 50.0]
[29, 80, 85, 50.0]
[29, 76, 86, 50.0]
[29, 76, 87, 50.0]
[29, 76, 88, 50.0]
[29, 88, 89, 50.0]
[29, 88, 90, 50.0]
[29, 88, 91, 50.0]
[29, 89, 92, 50.0]
[29, 89, 93, 50.0]
[29, 89, 94, 50.0]
[29, 94, 95, 50.0]
[29, 95, 96, 50.0]
[29, 95, 97, 50.0]
[29, 94, 98, 50.0]
[29, 94, 99, 50.0]
[29, 95, 100, 50.0]
[29, 100, 101, 50.0]
[29, 100, 102, 50.0]
[29, 67, 103, 50.0]
[29, 1, 104, 50.0]
[29, 22, 105, 50.0]
