[179, 1, 2, 10.0]
[179, 2, 3, 6.0]
[179, 4, 2, 5.656854249492381]
[179, 2, 5, 0]
[179, 5, 6, 0]
[179, 6, 7, 0]
[179, 7, 8, 0]
[179, 5, 9, 2.0]
[179, 8, 10, 2.0]
[179, 11, 13, 2.0]
[179, 11, 14, 2.0]
[179, 14, 15, 2.0]
[179, 14, 16, 2.0]
[179, 16, 17, 2.0]
[179, 16, 18, 2.0]
[179, 17, 19, 2.0]
[179, 12, 20, 2.0]
[179, 12, 21, 2.0]
[179, 21, 22, 2.0]
[179, 22, 23, 2.0]
[179, 23, 24, 2.0]
[179, 24, 25, 2.0]
[179, 23, 26, 2.0]
[179, 22, 27, 2.0]
[179, 21, 28, 2.0]
[179, 17, 29, 2.0]
[179, 29, 30, 2.0]
[179, 7, 31, 2.0]
[179, 31, 11, 4.0]
[179, 6, 32, 2.0]
[179, 32, 12, 4.0]
