[71, 1, 3, 90.0]
[71, 3, 4, 50.0]
[71, 4, 5, 50.0]
[71, 5, 6, 50.0]
[71, 2, 8, 90.0]
[71, 8, 9, 50.0]
[71, 9, 10, 50.0]
[71, 10, 11, 50.0]
[71, 11, 12, 50.0]
[71, 12, 13, 50.0]
[71, 7, 14, 50.0]
[71, 14, 15, 50.0]
[71, 15, 16, 50.0]
[71, 16, 17, 100.0]
[71, 18, 13, 50.0]
[71, 15, 19, 50.0]
[71, 14, 20, 50.0]
[71, 15, 21, 50.0]
[71, 14, 22, 50.0]
[71, 7, 23, 50.0]
[71, 7, 24, 50.0]
[71, 6, 25, 50.0]
[71, 6, 26, 50.0]
[71, 5, 27, 50.0]
[71, 5, 28, 50.0]
[71, 4, 29, 50.0]
[71, 4, 30, 50.0]
[71, 9, 31, 50.0]
[71, 10, 32, 50.0]
[71, 10, 33, 50.0]
[71, 11, 34, 50.0]
[71, 11, 35, 50.0]
[71, 12, 36, 50.0]
[71, 12, 37, 50.0]
[71, 13, 38, 50.0]
[71, 13, 39, 50.0]
[71, 18, 45, 50.0]
[71, 45, 42, 150.0]
[71, 42, 40, 50.0]
[71, 41, 40, 50.0]
[71, 41, 17, 50.0]
[71, 17, 46, 50.0]
[71, 41, 47, 50.0]
[71, 40, 48, 50.0]
[71, 42, 49, 50.0]
[71, 18, 50, 50.0]
[71, 43, 53, 50.0]
[71, 53, 54, 50.0]
[71, 54, 55, 50.0]
[71, 55, 56, 50.0]
[71, 56, 57, 50.0]
[71, 57, 58, 50.0]
[71, 59, 60, 50.0]
[71, 60, 61, 50.0]
[71, 61, 62, 50.0]
[71, 62, 63, 50.0]
[71, 63, 64, 50.0]
[71, 64, 52, 50.0]
[71, 57, 65, 50.0]
[71, 57, 66, 50.0]
[71, 56, 67, 50.0]
[71, 56, 68, 50.0]
[71, 55, 69, 50.0]
[71, 55, 70, 50.0]
[71, 54, 71, 50.0]
[71, 53, 72, 50.0]
[71, 54, 73, 50.0]
[71, 53, 74, 50.0]
[71, 60, 75, 50.0]
[71, 60, 76, 50.0]
[71, 61, 77, 50.0]
[71, 61, 78, 50.0]
[71, 62, 79, 50.0]
[71, 62, 80, 50.0]
[71, 63, 81, 50.0]
[71, 63, 82, 50.0]
[71, 64, 83, 50.0]
[71, 64, 84, 50.0]
[71, 43, 16, 100.0]
[71, 52, 45, 100.0]
[71, 44, 88, 50.0]
[71, 51, 89, 50.0]
[71, 85, 90, 50.0]
[71, 86, 91, 50.0]
[71, 87, 92, 50.0]
[71, 93, 94, 100.0]
[71, 95, 96, 100.0]
[71, 93, 97, 50.0]
[71, 97, 98, 50.0]
[71, 98, 99, 50.0]
[71, 99, 100, 50.0]
[71, 100, 101, 50.0]
[71, 101, 102, 50.0]
[71, 102, 103, 100.0]
[71, 103, 104, 100.0]
[71, 104, 105, 100.0]
[71, 105, 106, 100.0]
[71, 106, 107, 50.0]
[71, 107, 108, 50.0]
[71, 108, 109, 50.0]
[71, 109, 110, 50.0]
[71, 110, 111, 50.0]
[71, 111, 96, 50.0]
[71, 101, 112, 50.0]
[71, 101, 113, 50.0]
[71, 103, 114, 50.0]
[71, 104, 115, 50.0]
[71, 105, 116, 50.0]
[71, 100, 117, 50.0]
[71, 100, 118, 50.0]
[71, 99, 119, 50.0]
[71, 99, 120, 50.0]
[71, 98, 121, 50.0]
[71, 98, 122, 50.0]
[71, 97, 123, 50.0]
[71, 97, 124, 50.0]
[71, 111, 125, 50.0]
[71, 111, 126, 50.0]
[71, 110, 127, 50.0]
[71, 110, 128, 50.0]
[71, 109, 129, 50.0]
[71, 109, 130, 50.0]
[71, 108, 131, 50.0]
[71, 108, 132, 50.0]
[71, 107, 133, 50.0]
[71, 107, 134, 50.0]
[71, 94, 135, 50.0]
[71, 95, 136, 50.0]
[71, 93, 58, 100.0]
[71, 96, 59, 100.0]
[71, 59, 87, 100.0]
[71, 87, 86, 100.0]
[71, 86, 85, 100.0]
[71, 85, 58, 100.0]
[71, 52, 51, 100.0]
[71, 44, 43, 100.0]
[71, 1, 2, 220.0]
[71, 137, 7, 30.0]
[71, 137, 6, 20.0]
[71, 137, 138, 50.0]
[71, 94, 95, 200.0]
[71, 44, 51, 200.0]
