[148, 1, 2, 50.0]
[148, 2, 3, 50.0]
[148, 5, 6, 50.0]
[148, 5, 7, 50.0]
[148, 5, 8, 50.0]
[148, 8, 9, 50.0]
[148, 8, 10, 50.0]
[148, 8, 11, 50.0]
[148, 11, 12, 50.0]
[148, 11, 13, 50.0]
[148, 11, 14, 50.0]
[148, 14, 15, 50.0]
[148, 14, 16, 50.0]
[148, 14, 17, 50.0]
[148, 17, 18, 50.0]
[148, 17, 19, 50.0]
[148, 4, 20, 100.0]
[148, 20, 21, 50.0]
[148, 17, 22, 50.0]
[148, 22, 23, 50.0]
[148, 22, 24, 50.0]
[148, 4, 5, 100.0]
[148, 3, 25, 50.0]
[148, 25, 4, 50.0]
[148, 26, 27, 50.0]
[148, 27, 28, 50.0]
[148, 28, 29, 50.0]
[148, 29, 30, 50.0]
[148, 30, 31, 50.0]
[148, 26, 32, 50.0]
[148, 32, 33, 50.0]
[148, 33, 34, 50.0]
[148, 25, 26, 0]
[148, 28, 35, 50.0]
[148, 28, 35, 50.0]
[148, 29, 37, 50.0]
[148, 29, 37, 50.0]
[148, 39, 30, 50.0]
[148, 30, 39, 50.0]
[148, 41, 31, 50.0]
[148, 31, 41, 50.0]
[148, 32, 43, 50.0]
[148, 32, 43, 50.0]
[148, 33, 45, 50.0]
[148, 33, 45, 50.0]
[148, 34, 47, 50.0]
[148, 34, 47, 50.0]
[148, 27, 4, 100.0]
[148, 4, 50, 50.0]
[148, 4, 25, 50.0]
[148, 4, 52, 50.0]
[148, 52, 53, 50.0]
[148, 52, 54, 50.0]
[148, 52, 5, 50.0]
[148, 5, 6, 50.0]
[148, 5, 7, 50.0]
[148, 5, 8, 50.0]
[148, 8, 9, 50.0]
[148, 8, 10, 50.0]
[148, 8, 11, 50.0]
[148, 11, 12, 50.0]
[148, 11, 13, 50.0]
[148, 11, 14, 50.0]
[148, 14, 15, 50.0]
[148, 14, 16, 50.0]
[148, 21, 67, 50.0]
[148, 31, 68, 0]
[148, 68, 69, 50.0]
[148, 69, 70, 50.0]
[148, 69, 70, 50.0]
[148, 69, 72, 50.0]
[148, 72, 73, 50.0]
[148, 72, 73, 50.0]
[148, 72, 75, 50.0]
[148, 75, 76, 100.0]
[148, 75, 77, 50.0]
[148, 77, 78, 50.0]
[148, 77, 78, 50.0]
[148, 77, 80, 50.0]
[148, 80, 81, 50.0]
[148, 81, 82, 50.0]
[148, 81, 82, 50.0]
[148, 80, 84, 50.0]
[148, 80, 84, 50.0]
[148, 76, 86, 50.0]
[148, 76, 87, 50.0]
[148, 76, 88, 50.0]
[148, 88, 89, 50.0]
[148, 88, 90, 50.0]
[148, 88, 91, 50.0]
[148, 89, 92, 50.0]
[148, 89, 93, 50.0]
[148, 89, 94, 50.0]
[148, 94, 95, 50.0]
[148, 95, 96, 50.0]
[148, 95, 97, 50.0]
[148, 94, 98, 50.0]
[148, 94, 99, 50.0]
[148, 95, 100, 50.0]
[148, 100, 101, 50.0]
[148, 100, 102, 50.0]
[148, 22, 103, 50.0]
