[183, 1, 2, 10.0]
[183, 2, 3, 6.0]
[183, 4, 2, 5.656854249492381]
[183, 2, 5, 0]
[183, 5, 6, 0]
[183, 6, 7, 0]
[183, 7, 8, 0]
[183, 5, 9, 2.0]
[183, 8, 10, 2.0]
[183, 11, 13, 2.0]
[183, 11, 14, 2.0]
[183, 14, 15, 2.0]
[183, 14, 16, 2.0]
[183, 16, 17, 2.0]
[183, 16, 18, 2.0]
[183, 17, 19, 2.0]
[183, 12, 20, 2.0]
[183, 12, 21, 2.0]
[183, 21, 22, 2.0]
[183, 22, 23, 2.0]
[183, 23, 24, 2.0]
[183, 24, 25, 2.0]
[183, 23, 26, 2.0]
[183, 22, 27, 2.0]
[183, 21, 28, 2.0]
[183, 17, 29, 2.0]
[183, 29, 30, 2.0]
[183, 7, 31, 2.0]
[183, 31, 11, 4.0]
[183, 6, 32, 2.0]
[183, 32, 12, 4.0]
