[62, 1, 2, 50.0]
[62, 2, 3, 50.0]
[62, 2, 4, 100.0]
[62, 4, 5, 50.0]
[62, 4, 6, 50.0]
[62, 7, 8, 50.0]
[62, 7, 9, 50.0]
[62, 7, 10, 100.0]
[62, 10, 11, 50.0]
[62, 10, 12, 50.0]
[62, 4, 7, 100.0]
[62, 13, 14, 50.0]
[62, 14, 15, 50.0]
[62, 14, 16, 100.0]
[62, 16, 17, 50.0]
[62, 16, 18, 50.0]
[62, 16, 19, 100.0]
[62, 19, 20, 50.0]
[62, 19, 21, 50.0]
[62, 19, 22, 100.0]
[62, 22, 23, 50.0]
[62, 22, 24, 50.0]
[62, 12, 15, 0]
[62, 25, 26, 50.0]
[62, 26, 27, 50.0]
[62, 26, 28, 100.0]
[62, 28, 29, 50.0]
[62, 28, 30, 50.0]
[62, 28, 31, 100.0]
[62, 31, 32, 50.0]
[62, 31, 33, 50.0]
[62, 31, 34, 100.0]
[62, 34, 35, 50.0]
[62, 34, 36, 50.0]
[62, 15, 27, 0]
[62, 37, 38, 50.0]
[62, 37, 39, 50.0]
